ID| _________________________________________________________
1 | 2 2 2 2 2 2 2 2 2 2 2 2 2 2 2 2 9 9 9 9 9 9 9 9 9 9 9 9 9 
2 | x 4 4 4 4 4 4 4 4 4 4 4 4 4 4 4 4 12 12 12 12 12 12 12 12 12 12 12 12 
3 | x x x 1 1 1 1 1 1 1 1 1 1 1 1 1 1 1 1 2 2 2 2 2 2 2 2 2 2 
4 | x x x x 5 5 5 5 5 5 5 5 5 5 5 5 5 5 5 5 1 1 1 1 1 1 1 1 1 
5 | x x x x x x 7 7 7 7 7 7 7 7 7 7 7 7 7 7 7 7 4 4 4 4 4 4 4 
6 | x x x x x x x x x 10 10 10 10 10 10 10 10 10 10 10 10 10 10 3 3 3 3 3 3 
7 | x x x x x x x x x x x 11 11 11 11 11 11 11 11 11 11 11 11 11 11 11 7 7 7 
8 | x x x x x x x x x x x x x x 6 6 6 6 6 6 6 6 6 6 6 6 6 11 11 

Ilość zastępowanych stron:  16